0,542
108,29
123,27
108,28
0,541
123,26
108,27
123,25
108,26
123,24
123,23
108,25
123,22
123,21
108,24
108,23
108,22
108,21
123,4
108,5
108,4
123,20
108,20
123,19
0,540
108,19
123,18
108,18
123,17
108,17
123,16
108,16
123,15
108,15
123,14
108,14
123,13
108,13
123,12
108,12
123,11
108,11
123,10
108,10
0,539
123,9
108,9
123,8
108,8
123,7
108,7
108,6
123,6
123,5
123,3
123,2
123,1
123,0
122,3
122,2
122,1
122,0
121,5
121,4
121,3
121,2
121,1
121,0
120,4
120,3
120,2
120,1
120,0
119,3
119,2
119,1
119,0
118,8
118,7
118,6
118,5
118,4
118,3
118,2
118,1
118,0
117,7
117,6
117,5
117,4
117,3
117,2
117,1
117,0
0,538
116,6
116,5
116,4
116,3
116,2
116,1
116,0
115,5
115,4
115,3
115,2
115,1
115,0
114,4
114,3
114,2
114,1
114,0
113,3
113,2
113,1
113,0
0,537
112,4
112,3
112,2
112,1
112,0
111,3
111,2
111,1
111,0
110,4
110,3
110,2
110,1
110,0
109,3
109,2
109,1
109,0
108,3
108,2
108,1
108,0
107,4
107,3
107,2
0,536
107,1
107,0
106,3
106,2
106,1
106,0
105,3
105,2
105,1
105,0
104,3
104,2
104,1
104,0
103,4
103,3
103,2
103,1
103,0
102,4
102,3
102,2
102,1
102,0
101,3
101,2
101,1
101,0
100,3
100,2
100,1
100,0
99,4
99,3
99,2
99,1
99,0
98,3
98,2
98,1
98,0
97,5
97,4
97,3
97,2
97,1
97,0
96,4
96,3
96,2
96,1
96,0
95,4
95,3
95,2
95,1
95,0
94,5
94,4
94,3
94,2
94,1
94,0
93,3
93,2
93,1
93,0
92,3
92,2
92,1
92,0
91,3
91,2
91,1
91,0
75,29
90,27
75,28
90,26
75,27
90,25
75,26
90,24
90,23
75,25
90,22
90,21
75,24
75,23
75,22
75,21
90,4
75,5
75,4
90,20
75,20
90,19
75,19
90,18
75,18
90,17
75,17
90,16
75,16
90,15
75,15
90,14
75,14
90,13
75,13
90,12
75,12
90,11
75,11
90,10
75,10
90,9
75,9
90,8
75,8
90,7
75,7
75,6
90,6
90,5
90,3
90,2
90,1
90,0
89,3
89,2
89,1
89,0
88,5
88,4
88,3
88,2
88,1
88,0
87,4
87,3
87,2
87,1
87,0
86,3
86,2
86,1
86,0
0,535
0,534
0,533
0,532
